1000 -75 0 0 0 0 0 0 0 0 0 0 0 0 0 0 0 0 
1000 -70 1098.2 1072.71 0 0 2 7 0 0 98.1994 72.7072 0 0 99.9106 75.4421 0 0 
1000 -65 1071.72 1052.3 0 0 9 50 0 0 71.7185 52.2978 0 0 80.7695 62.4055 0 0 
1000 -60 1076.22 1050.44 0 0 18 50 0 0 76.2165 50.4404 0 0 80.6648 50.8732 0 0 
1000 -55 1069.78 1049.51 0 0 49 50 0 0 69.7809 49.5133 0 0 79.3384 50.0028 0 0 
1000 -50 1067.56 1047.69 0 0 50 50 0 0 67.564 47.685 0 0 68.1823 49.0504 0 0 
1000 -45 1069.27 1047.74 0 0 50 50 0 0 69.267 47.7375 0 0 70.4558 49.45 0 0 
1000 -40 1064.09 1045.61 0 0 50 50 0 0 64.092 45.6137 0 0 70.3922 49.6898 0 0 
1000 -35 1063.3 1044.94 0 0 50 50 0 0 63.2986 44.9368 0 0 70.8889 51.752 0 0 
1000 -30 1059.49 1044.13 0 0 50 50 0 0 59.493 44.1321 0 0 68.5056 51.3315 0 0 
1000 -25 1053.5 1032.75 0 0 50 50 0 0 53.5018 32.7484 0 0 61.8486 47.4919 0 0 
1000 -20 1057.82 1036.51 0 0 50 50 0 0 57.8191 36.5109 0 0 60.2628 44.0535 0 0 
1000 -15 1052.08 1037.05 0 0 50 50 0 0 52.0837 37.0481 0 0 57.3835 41.0912 0 0 
1000 -10 1048.4 1037.86 0 0 50 50 0 0 48.4021 37.8597 0 0 59.1056 47.9701 0 0 
1000 -5 1058.18 1044.85 0 0 40 50 0 0 58.175 44.855 0 0 64.7632 48.2196 0 0 
1000 0 1067.43 1044.94 0 0 27 43 0 0 67.4332 44.9421 0 0 72.5449 48.2661 0 0 
1000 5 0 1049.25 0 0 0 12 0 0 0 49.2496 0 0 0 57.9652 0 0 
1000 10 0 1055.63 0 0 0 14 0 0 0 55.634 0 0 0 57.6757 0 0 
1000 15 0 1071.75 0 0 0 20 0 0 0 71.7454 0 0 0 78.9485 0 0 
1000 20 0 0 1078.56 0 0 0 27 0 0 0 78.5591 0 0 0 86.4354 0 
1000 25 0 0 1072.86 1055.75 0 0 50 40 0 0 72.8589 55.7526 0 0 87.6395 61.5127 
1000 30 0 0 1067.99 1052.61 0 0 50 50 0 0 67.9914 52.6094 0 0 80.2657 58.4043 
1000 35 0 0 1076.5 1054.19 0 0 50 50 0 0 76.4969 54.1948 0 0 90.5415 65.0239 
1000 40 0 0 1063.89 1045.68 0 0 50 50 0 0 63.8927 45.6847 0 0 73.574 53.6924 
1000 45 0 0 1062.07 1043.85 0 0 50 50 0 0 62.0696 43.8514 0 0 68.2985 47.7747 
1000 50 0 0 1060.38 1048.28 0 0 50 50 0 0 60.3831 48.2835 0 0 62.8381 49.2852 
1000 55 0 0 1055.78 1042.76 0 0 50 50 0 0 55.7811 42.755 0 0 63.8047 44.317 
1000 60 0 0 1053.56 1037.62 0 0 50 50 0 0 53.5588 37.6161 0 0 57.6602 44.9812 
1000 65 0 0 1055.83 1044.47 0 0 27 35 0 0 55.8342 44.4747 0 0 57.3969 53.8256 
1000 70 0 0 0 0 0 0 0 0 0 0 0 0 0 0 0 0 
1000 75 0 0 0 0 0 0 0 0 0 0 0 0 0 0 0 0 
1250 -75 1445.78 0 0 0 2 0 0 0 195.778 0 0 0 196.355 0 0 0 
1250 -70 1421.28 1402.16 0 0 19 10 0 0 171.279 152.163 0 0 184.649 168.111 0 0 
1250 -65 1410.83 1396 0 0 40 44 0 0 160.831 146.004 0 0 167.077 152.073 0 0 
1250 -60 1391.89 1391.23 0 0 38 50 0 0 141.888 141.227 0 0 149.063 149.93 0 0 
1250 -55 1396.29 1381.02 0 0 50 50 0 0 146.285 131.019 0 0 148.549 149.37 0 0 
1250 -50 1396.05 1371.32 0 0 50 50 0 0 146.051 121.322 0 0 165.08 128.317 0 0 
1250 -45 1397.51 1363.39 0 0 49 50 0 0 147.508 113.386 0 0 165.142 146.22 0 0 
1250 -40 1385.34 1364.5 0 0 50 50 0 0 135.344 114.502 0 0 164.8 144.443 0 0 
1250 -35 1392.92 1370.58 0 0 50 50 0 0 142.923 120.578 0 0 151.015 131.264 0 0 
1250 -30 1407.65 1373.71 0 0 50 50 0 0 157.654 123.71 0 0 289.581 133.89 0 0 
1250 -25 1382.89 1359.49 0 0 50 50 0 0 132.891 109.489 0 0 160.986 111.865 0 0 
1250 -20 1386.25 1364.89 0 0 50 50 0 0 136.251 114.893 0 0 142.455 140.947 0 0 
1250 -15 1386.59 1363.32 0 0 50 50 0 0 136.593 113.325 0 0 140.255 123.15 0 0 
1250 -10 1384.23 1365.02 0 0 50 50 0 0 134.23 115.015 0 0 138.658 136.851 0 0 
1250 -5 1379.01 1372.83 0 0 47 45 0 0 129.005 122.835 0 0 136.054 136.4 0 0 
1250 0 1394.17 1377.34 0 0 2 47 0 0 144.175 127.343 0 0 145.484 136.579 0 0 
1250 5 1397.04 1391.65 0 0 1 26 0 0 147.035 141.652 0 0 147.035 154.533 0 0 
1250 10 0 1403.93 0 0 0 11 0 0 0 153.932 0 0 0 155.072 0 0 
1250 15 0 1403.09 1413.93 1414.29 0 15 7 1 0 153.093 163.931 164.287 0 156.406 171.147 164.287 
1250 20 0 1406.48 1387.97 1389.63 0 19 43 46 0 156.478 137.969 139.625 0 173.312 171.445 152.231 
1250 25 0 0 1398.87 1378.62 0 0 50 48 0 0 148.875 128.621 0 0 169.817 136.965 
1250 30 0 0 1394.87 1374.55 0 0 50 50 0 0 144.871 124.548 0 0 157.377 135.992 
1250 35 0 0 1384.32 1378.21 0 0 50 50 0 0 134.319 128.213 0 0 155.413 135.94 
1250 40 0 0 1379.74 1366.94 0 0 50 50 0 0 129.741 116.94 0 0 138.479 130.327 
1250 45 0 0 1381.09 1360.17 0 0 50 50 0 0 131.094 110.171 0 0 136.04 119.721 
1250 50 0 0 1372.7 1365.93 0 0 50 50 0 0 122.704 115.929 0 0 136.238 124.186 
1250 55 0 0 1369.66 1363.07 0 0 50 50 0 0 119.659 113.071 0 0 130.257 121.393 
1250 60 0 0 1372.13 1352.94 0 0 50 50 0 0 122.131 102.943 0 0 123.662 114.683 
1250 65 0 0 1379.1 1358.93 0 0 47 50 0 0 129.097 108.927 0 0 138.504 126.574 
1250 70 0 0 1385.28 1386 0 0 19 20 0 0 135.285 136.001 0 0 137.137 143.239 
1250 75 0 0 0 0 0 0 0 0 0 0 0 0 0 0 0 0 
1500 -75 1731.79 1705.22 0 0 5 11 0 0 231.788 205.218 0 0 252.382 234.508 0 0 
1500 -70 1730.01 1706.05 0 0 21 9 0 0 230.011 206.046 0 0 374.06 206.408 0 0 
1500 -65 1711.34 1686.11 0 0 36 32 0 0 211.335 186.113 0 0 247.814 206.413 0 0 
1500 -60 1706.48 1701.67 0 0 18 45 0 0 206.476 201.669 0 0 223.292 205.902 0 0 
1500 -55 1698.27 1691.53 0 0 46 48 0 0 198.271 191.526 0 0 222.417 205.456 0 0 
1500 -50 1682.88 1673.5 0 0 50 50 0 0 182.879 173.502 0 0 251.688 177.272 0 0 
1500 -45 1698.33 1693.45 0 0 50 50 0 0 198.325 193.451 0 0 200.522 286.847 0 0 
1500 -40 1689.94 1681.15 0 0 50 50 0 0 189.937 181.152 0 0 281.328 204.173 0 0 
1500 -35 1700.55 1684.31 0 0 50 50 0 0 200.55 184.311 0 0 202.835 206.317 0 0 
1500 -30 1686.65 1684.56 0 0 50 50 0 0 186.647 184.558 0 0 231.798 206.891 0 0 
1500 -25 1691.19 1669.58 0 0 50 50 0 0 191.187 169.577 0 0 197.015 172.318 0 0 
1500 -20 1671.23 1674.42 0 0 50 50 0 0 171.235 174.421 0 0 271.282 198.567 0 0 
1500 -15 1679.63 1667.57 0 0 50 50 0 0 179.628 167.567 0 0 188.909 192.818 0 0 
1500 -10 1667.28 1665.8 0 0 50 50 0 0 167.276 165.797 0 0 188.531 192.089 0 0 
1500 -5 1679.77 1660.17 0 0 46 50 0 0 179.768 160.172 0 0 212.034 164.94 0 0 
1500 0 1683.28 1653.88 0 0 45 49 0 0 183.276 153.883 0 0 209.001 166.317 0 0 
1500 5 0 1673.09 0 0 0 35 0 0 0 173.095 0 0 0 193.57 0 0 
1500 10 1711.83 1686.34 0 0 2 7 0 0 211.832 186.344 0 0 211.94 193.241 0 0 
1500 15 0 0 0 0 0 0 0 0 0 0 0 0 0 0 0 0 
1500 20 0 0 1693.52 1676.6 0 0 44 4 0 0 193.518 176.604 0 0 193.686 188.971 
1500 25 0 0 1692.6 1674.51 0 0 50 49 0 0 192.599 174.512 0 0 210.378 301.595 
1500 30 0 0 1689.74 1672.21 0 0 50 50 0 0 189.743 172.214 0 0 191.922 274.649 
1500 35 0 0 1685.93 1657.33 0 0 50 50 0 0 185.93 157.328 0 0 193.466 184.098 
1500 40 0 0 1688.29 1662.99 0 0 50 50 0 0 188.292 162.993 0 0 196.004 165.8 
1500 45 0 0 1677.12 1648.63 0 0 50 50 0 0 177.115 148.632 0 0 191.639 155.249 
1500 50 0 0 1655.54 1643.31 0 0 50 50 0 0 155.539 143.306 0 0 188.083 163.554 
1500 55 0 0 1657.89 1648.46 0 0 50 50 0 0 157.891 148.462 0 0 167.996 158.35 
1500 60 0 0 1656.43 1653.97 0 0 50 50 0 0 156.431 153.973 0 0 176.928 158.62 
1500 65 0 0 1680.92 1659.27 0 0 42 50 0 0 180.921 159.273 0 0 195.273 172.83 
1500 70 0 0 1680.22 1661.45 0 0 8 11 0 0 180.221 161.453 0 0 253.083 170.862 
1500 75 0 0 0 0 0 0 0 0 0 0 0 0 0 0 0 0 
1750 -75 2067.02 2061.95 0 0 3 1 0 0 317.023 311.951 0 0 321.545 311.951 0 0 
1750 -70 2088 2052.12 0 0 3 6 0 0 337.998 302.124 0 0 350.665 312.125 0 0 
1750 -65 2035.23 2037.2 0 0 6 37 0 0 285.231 287.201 0 0 318.719 307.296 0 0 
1750 -60 2061.02 2021.5 0 0 5 38 0 0 311.018 271.501 0 0 316.31 307.335 0 0 
1750 -55 2057.66 2016.56 0 0 13 25 0 0 307.655 266.557 0 0 312.158 305.689 0 0 
1750 -50 2032.53 2008.07 0 0 38 50 0 0 282.534 258.068 0 0 314.561 308.705 0 0 
1750 -45 2026.62 2015.96 0 0 47 44 0 0 276.625 265.957 0 0 280.313 303.131 0 0 
1750 -40 2031.63 2019.38 0 0 50 50 0 0 281.628 269.381 0 0 479.066 306.615 0 0 
1750 -35 2044.24 2009.55 0 0 50 50 0 0 294.244 259.552 0 0 487.032 274.046 0 0 
1750 -30 2024.62 2015.07 0 0 49 50 0 0 274.617 265.074 0 0 283.404 269.822 0 0 
1750 -25 2014.43 1988.28 0 0 50 50 0 0 264.429 238.284 0 0 271.34 266.428 0 0 
1750 -20 2017.23 2014.12 0 0 50 48 0 0 267.231 264.12 0 0 305.553 300.877 0 0 
1750 -15 2020.69 2011.71 0 0 50 49 0 0 270.686 261.706 0 0 299.791 294.466 0 0 
1750 -10 2029.07 1973.8 0 0 50 48 0 0 279.073 223.795 0 0 301.265 296.585 0 0 
1750 -5 2040.86 2028.06 0 0 46 50 0 0 290.86 278.055 0 0 302.346 294.338 0 0 
1750 0 0 2039.87 0 0 0 40 0 0 0 289.867 0 0 0 296.093 0 0 
1750 5 0 2035.56 0 0 0 12 0 0 0 285.562 0 0 0 297.085 0 0 
1750 10 0 0 2031.06 0 0 0 1 0 0 0 281.065 0 0 0 281.065 0 
1750 15 0 0 2005.73 0 0 0 9 0 0 0 255.732 0 0 0 255.732 0 
1750 20 0 0 2014.75 0 0 0 16 0 0 0 264.749 0 0 0 280.467 0 
1750 25 0 0 2035.16 2012.97 0 0 30 49 0 0 285.156 262.967 0 0 383.159 263.046 
1750 30 0 0 2013.42 1996.52 0 0 50 14 0 0 263.424 246.518 0 0 380.995 258.632 
1750 35 0 0 1985.21 1997.2 0 0 50 50 0 0 235.209 247.205 0 0 384.639 406.301 
1750 40 0 0 1999.46 1989.84 0 0 50 50 0 0 249.458 239.843 0 0 273.85 356.573 
1750 45 0 0 1982 1988.13 0 0 50 50 0 0 231.999 238.135 0 0 256.198 395.517 
1750 50 0 0 1986.23 1966.65 0 0 50 50 0 0 236.233 216.647 0 0 254.508 234.726 
1750 55 0 0 1987.56 1981.98 0 0 50 50 0 0 237.558 231.984 0 0 358.407 233.364 
1750 60 0 0 2006.87 1974.18 0 0 48 50 0 0 256.873 224.178 0 0 374.553 250.787 
1750 65 0 0 1997.4 1982.59 0 0 46 47 0 0 247.403 232.59 0 0 272.278 384.43 
1750 70 0 0 1990.65 2010.52 0 0 19 26 0 0 240.654 260.518 0 0 245.374 389.533 
1750 75 0 0 0 2020.45 0 0 0 1 0 0 0 270.445 0 0 0 270.445 
2000 -75 0 0 0 0 0 0 0 0 0 0 0 0 0 0 0 0 
2000 -70 2370.48 0 0 0 6 0 0 0 370.478 0 0 0 415.825 0 0 0 
2000 -65 2363.93 2352.93 0 0 5 35 0 0 363.933 352.928 0 0 366.134 424.786 0 0 
2000 -60 2350.73 2322.34 0 0 7 37 0 0 350.732 322.342 0 0 356.826 407.896 0 0 
2000 -55 2340.7 2312.32 0 0 13 50 0 0 340.703 312.319 0 0 361.577 362.203 0 0 
2000 -50 2347.02 2315.72 0 0 45 46 0 0 347.021 315.715 0 0 357.957 368.349 0 0 
2000 -45 2310.11 2323.55 0 0 41 45 0 0 310.113 323.546 0 0 313.339 371.666 0 0 
2000 -40 2350.14 2355.27 0 0 42 50 0 0 350.142 355.275 0 0 403.615 469.465 0 0 
2000 -35 2394.76 2324.61 0 0 44 50 0 0 394.763 324.612 0 0 454.778 544.133 0 0 
2000 -30 2333 2346.08 0 0 44 50 0 0 332.998 346.082 0 0 363.092 501.529 0 0 
2000 -25 2334.1 2317.03 0 0 36 50 0 0 334.102 317.027 0 0 395.137 360.19 0 0 
2000 -20 2335.8 2310.68 0 0 49 50 0 0 335.797 310.683 0 0 356.464 358.215 0 0 
2000 -15 2341.25 2317.77 0 0 47 50 0 0 341.25 317.766 0 0 391.571 402.237 0 0 
2000 -10 2347.02 2339.41 0 0 46 50 0 0 347.018 339.411 0 0 353.41 352.627 0 0 
2000 -5 2351.16 2345.67 0 0 35 49 0 0 351.16 345.666 0 0 352.515 360.384 0 0 
2000 0 0 2356.52 0 0 0 41 0 0 0 356.517 0 0 0 405.747 0 0 
2000 5 0 2349.34 0 0 0 45 0 0 0 349.343 0 0 0 407.65 0 0 
2000 10 0 0 0 0 0 0 0 0 0 0 0 0 0 0 0 0 
2000 15 0 0 0 0 0 0 0 0 0 0 0 0 0 0 0 0 
2000 20 0 0 2338.08 2379.95 0 0 36 2 0 0 338.08 379.946 0 0 351.959 379.946 
2000 25 0 0 2355.15 2293.42 0 0 42 7 0 0 355.146 293.419 0 0 535.652 311.024 
2000 30 0 0 2349.36 2288.91 0 0 31 44 0 0 349.359 288.913 0 0 535.027 311.927 
2000 35 0 0 2309.69 2315.36 0 0 49 49 0 0 309.686 315.359 0 0 495.546 478.981 
2000 40 0 0 2316.2 2316.11 0 0 49 49 0 0 316.205 316.113 0 0 324.156 525.117 
2000 45 0 0 2321.16 2297.57 0 0 50 50 0 0 321.161 297.574 0 0 524.232 476.43 
2000 50 0 0 2322.06 2299.11 0 0 50 50 0 0 322.055 299.109 0 0 504.856 474.416 
2000 55 0 0 2312.62 2289.88 0 0 40 50 0 0 312.623 289.882 0 0 531.201 463.429 
2000 60 0 0 2305.42 2310.39 0 0 41 50 0 0 305.42 310.388 0 0 341.375 332.31 
2000 65 0 0 2314.07 2306.71 0 0 4 49 0 0 314.067 306.708 0 0 334.086 540.043 
2000 70 0 0 2366.42 2333.46 0 0 1 8 0 0 366.422 333.459 0 0 366.422 386.636 
2000 75 0 0 0 2343.34 0 0 0 31 0 0 0 343.34 0 0 0 367.279 
2250 -75 2770.77 2727.91 0 0 19 1 0 0 520.766 477.907 0 0 525.545 477.907 0 0 
2250 -70 0 0 0 0 0 0 0 0 0 0 0 0 0 0 0 0 
2250 -65 2752.74 2726.84 0 0 12 21 0 0 502.741 476.841 0 0 519.932 478.755 0 0 
2250 -60 2687.95 2721.6 0 0 16 33 0 0 437.945 471.603 0 0 509.623 474.313 0 0 
2250 -55 2699.68 2719.57 0 0 26 38 0 0 449.677 469.564 0 0 515.67 477.505 0 0 
2250 -50 2700.67 2718.7 0 0 45 46 0 0 450.674 468.701 0 0 518.197 476.602 0 0 
2250 -45 2699.24 2717.44 0 0 48 48 0 0 449.238 467.443 0 0 516.607 476.921 0 0 
2250 -40 2699.68 2712.12 0 0 45 50 0 0 449.681 462.121 0 0 515.867 473.642 0 0 
2250 -35 2696.91 2732.78 0 0 32 50 0 0 446.91 482.781 0 0 493.408 535.564 0 0 
2250 -30 2763.64 2711.56 0 0 44 50 0 0 513.635 461.562 0 0 675.76 470.324 0 0 
2250 -25 2691.33 2699.35 0 0 49 50 0 0 441.334 449.348 0 0 494.27 532.452 0 0 
2250 -20 2687.43 2709.13 0 0 48 50 0 0 437.428 459.133 0 0 448.232 463.089 0 0 
2250 -15 2689.35 2701.59 0 0 48 50 0 0 439.349 451.589 0 0 504.604 462.25 0 0 
2250 -10 2676.39 2691.57 0 0 43 47 0 0 426.388 441.569 0 0 443.354 463.08 0 0 
2250 -5 2697.26 2703.27 0 0 5 30 0 0 447.263 453.274 0 0 486.008 465.006 0 0 
2250 0 0 2700.22 0 0 0 8 0 0 0 450.219 0 0 0 460.033 0 0 
2250 5 0 0 0 0 0 0 0 0 0 0 0 0 0 0 0 0 
2250 10 0 0 0 0 0 0 0 0 0 0 0 0 0 0 0 0 
2250 15 0 0 0 2720.08 0 0 0 1 0 0 0 470.078 0 0 0 470.078 
2250 20 0 0 2679.46 0 0 0 39 0 0 0 429.46 0 0 0 458.025 0 
2250 25 0 0 2703.12 2677.6 0 0 45 41 0 0 453.118 427.597 0 0 855.494 464.476 
2250 30 0 0 2653.36 2666.56 0 0 50 14 0 0 403.363 416.565 0 0 699.983 463.439 
2250 35 0 0 2626.32 2669.45 0 0 50 50 0 0 376.322 419.452 0 0 498.832 442.115 
2250 40 0 0 2636.7 2648.51 0 0 50 50 0 0 386.699 398.507 0 0 403.177 416.884 
2250 45 0 0 2628.16 2657.39 0 0 50 49 0 0 378.156 407.386 0 0 586.681 652.811 
2250 50 0 0 2629.91 2620.92 0 0 50 50 0 0 379.908 370.924 0 0 437.432 397.823 
2250 55 0 0 2645.27 2647.96 0 0 49 50 0 0 395.27 397.964 0 0 462.282 442.541 
2250 60 0 0 2666.37 2672.32 0 0 45 50 0 0 416.368 422.325 0 0 660.703 639.435 
2250 65 0 0 2670.19 2668.75 0 0 23 24 0 0 420.19 418.747 0 0 460.884 449.483 
2250 70 0 0 0 2687.72 0 0 0 44 0 0 0 437.721 0 0 0 488.471 
2250 75 0 0 2701.43 2635.83 0 0 1 8 0 0 451.432 385.825 0 0 451.432 399.587 
2500 -75 3078.05 0 0 0 1 0 0 0 578.045 0 0 0 578.045 0 0 0 
2500 -70 3070.57 3113.28 0 0 6 6 0 0 570.569 613.279 0 0 574.984 617.575 0 0 
2500 -65 3076.75 3087.97 0 0 6 25 0 0 576.745 587.975 0 0 637.441 616.023 0 0 
2500 -60 3088.15 3010.74 0 0 11 9 0 0 588.147 510.742 0 0 652.371 588.513 0 0 
2500 -55 3034.26 3011.59 0 0 26 36 0 0 534.261 511.591 0 0 643.991 608.841 0 0 
2500 -50 3023.33 3017.93 0 0 16 31 0 0 523.325 517.934 0 0 565.758 529.799 0 0 
2500 -45 3045.13 3067.26 0 0 15 42 0 0 545.133 567.26 0 0 572.912 608.549 0 0 
2500 -40 3063.25 3080.39 0 0 35 42 0 0 563.248 580.389 0 0 645.617 608.824 0 0 
2500 -35 3127.83 3053.1 0 0 33 49 0 0 627.834 553.102 0 0 877.771 608.903 0 0 
2500 -30 3080.73 3029.9 0 0 17 46 0 0 580.726 529.896 0 0 646.752 780.461 0 0 
2500 -25 3051.18 3021.89 0 0 18 49 0 0 551.178 521.891 0 0 636.213 603.725 0 0 
2500 -20 3008.3 3077.06 0 0 18 48 0 0 508.302 577.06 0 0 560.588 601.212 0 0 
2500 -15 3020.85 3052.98 0 0 20 45 0 0 520.847 552.978 0 0 600.23 600.147 0 0 
2500 -10 3017.68 3043.53 0 0 3 45 0 0 517.684 543.533 0 0 637.809 603.394 0 0 
2500 -5 3058.23 3043.99 0 0 2 36 0 0 558.225 543.989 0 0 558.573 598.866 0 0 
2500 0 0 3049.36 0 0 0 25 0 0 0 549.356 0 0 0 603.427 0 0 
2500 5 0 3080.46 3083.09 0 0 8 3 0 0 580.456 583.093 0 0 604.1 603.322 0 
2500 10 0 0 3042.22 0 0 0 2 0 0 0 542.22 0 0 0 570.976 0 
2500 15 0 0 0 0 0 0 0 0 0 0 0 0 0 0 0 0 
2500 20 0 0 3031.84 0 0 0 40 0 0 0 531.845 0 0 0 572.112 0 
2500 25 0 0 3011.55 2989.35 0 0 38 15 0 0 511.55 489.353 0 0 725.111 531.19 
2500 30 0 0 2980.84 2979.05 0 0 37 29 0 0 480.84 479.052 0 0 715.785 578.399 
2500 35 0 0 2969.12 2986.47 0 0 28 47 0 0 469.124 486.466 0 0 542.917 509.39 
2500 40 0 0 2975.05 2964.59 0 0 48 49 0 0 475.046 464.586 0 0 888.495 511.582 
2500 45 0 0 2959.01 2962.76 0 0 50 50 0 0 459.009 462.76 0 0 547.541 507.454 
2500 50 0 0 2955.75 2980.29 0 0 49 50 0 0 455.748 480.288 0 0 741.426 839.828 
2500 55 0 0 2963.5 2978.94 0 0 41 48 0 0 463.501 478.942 0 0 526.574 895.849 
2500 60 0 0 2951.31 2977.96 0 0 17 50 0 0 451.305 477.959 0 0 513.667 571.197 
2500 65 0 0 2949.3 2970.22 0 0 6 35 0 0 449.3 470.225 0 0 568.435 542.546 
2500 70 0 0 3000.85 2959.99 0 0 1 4 0 0 500.854 459.986 0 0 500.854 568.949 
2500 75 0 0 0 3044.5 0 0 0 4 0 0 0 544.502 0 0 0 581.208 
